world: fc199165-2e51-4b6a-a558-b5fecc877589
world-name: spawn
x: 27.5
y: 60.0
z: -22.5
yaw: 179.268798828125
pitch: -1.2526118755340576
name: afkpremium
lastowner: 80f2f1c6-448d-3378-af4b-dd14941950a8
