world: fc199165-2e51-4b6a-a558-b5fecc877589
world-name: spawn
x: 30.645353524143935
y: 60.0
z: -19.324429137565012
yaw: 315.1145324707031
pitch: -4.313929557800293
name: case
lastowner: 80f2f1c6-448d-3378-af4b-dd14941950a8
