world: fc199165-2e51-4b6a-a558-b5fecc877589
world-name: spawn
x: 133.61036978241557
y: 63.0
z: 0.2123543046818655
yaw: 271.6822204589844
pitch: -4.122579574584961
name: casino
lastowner: 80f2f1c6-448d-3378-af4b-dd14941950a8
