world: f8659263-274d-48c3-adfd-9a921c1fd2d3
world-name: world_the_end
x: 100.5
y: 49.0
z: 0.5
yaw: 86.36467742919922
pitch: -1.7219911813735962
name: end
lastowner: 80f2f1c6-448d-3378-af4b-dd14941950a8
