world: fc199165-2e51-4b6a-a558-b5fecc877589
world-name: spawn
x: 26.965776248322797
y: 60.0
z: 21.738359557676638
yaw: 222.321044921875
pitch: -1.443942666053772
name: free
lastowner: 80f2f1c6-448d-3378-af4b-dd14941950a8
