world: 90237d3b-3a44-4b6d-8714-9f5f4f76d8b3
world-name: world
x: -886.8797388735085
y: 220.36549544337942
z: -795.3641663400796
yaw: -100.06688690185547
pitch: 44.197723388671875
name: parkour
lastowner: 80f2f1c6-448d-3378-af4b-dd14941950a8
