world: fc199165-2e51-4b6a-a558-b5fecc877589
world-name: spawn
x: 69.55323771290162
y: 60.0
z: 0.539548827226897
yaw: 270.3446044921875
pitch: -3.357266664505005
name: pool
lastowner: 80f2f1c6-448d-3378-af4b-dd14941950a8
