world: fc199165-2e51-4b6a-a558-b5fecc877589
world-name: spawn
x: 27.43455451758473
y: 60.0
z: -22.488135760248504
yaw: 179.268798828125
pitch: -1.2526118755340576
name: premiumafk
lastowner: 80f2f1c6-448d-3378-af4b-dd14941950a8
