world: fc199165-2e51-4b6a-a558-b5fecc877589
world-name: spawn
x: -26.951093679603133
y: 65.0
z: 0.4029942322604246
yaw: 90.301025390625
pitch: 6.592011451721191
name: pvp
lastowner: 80f2f1c6-448d-3378-af4b-dd14941950a8
