world: fc199165-2e51-4b6a-a558-b5fecc877589
world-name: spawn
x: 31.494332998718253
y: 60.0
z: 0.3700720723848963
yaw: 270.34295654296875
pitch: -3.165921449661255
name: rtp
lastowner: 80f2f1c6-448d-3378-af4b-dd14941950a8
